5792.71	6254.66	2483.59	4033.17	8590.95	9667.78	2150.29	4230.82	8244.03	1663.72	6292.98	9299.88	2362.05	8254.47	4932.50	8284.65	2442.82	5699.66	6343.68	8775.62
5147.90	5305.08	2290.02	3337.56	6566.86	7788.94	1992.04	4376.81	8244.97	2160.59	6893.63	9966.89	2550.83	10229.64	5356.86	10128.31	2884.24	7099.71	6133.57	8349.64
5881.06	7569.98	2632.31	3831.95	6487.57	7355.21	1944.08	3625.42	8487.35	2571.91	7437.67	9956.42	2152.53	7716.75	6240.53	9544.48	2626.01	6276.14	7325.30	7603.59
5739.07	6111.14	2483.04	4359.46	6991.31	8550.20	2681.67	4281.99	8202.81	3076.08	6186.72	10898.61	2789.58	7718.70	5113.52	10667.03	2773.03	5958.01	7648.12	7014.11
5692.88	6757.39	2413.71	5037.38	7501.54	8698.03	2977.20	4552.22	8144.66	2456.18	6457.82	10643.22	2160.93	9682.93	6034.90	9072.28	3135.65	6276.19	6969.74	9040.45
5518.64	6123.76	2097.49	3366.53	6155.76	9689.02	2344.35	4882.90	8783.63	2662.26	5828.51	10336.87	2354.55	7638.45	5792.99	11533.12	1978.53	7574.46	7252.94	8810.42
5858.50	7782.21	2470.07	4187.73	7925.76	9119.28	2838.32	4142.03	9225.59	2365.55	6848.60	10431.37	2354.63	8039.78	5346.62	9988.06	2367.83	5870.30	7081.02	7189.04
5017.07	6067.32	2212.56	3856.52	7736.78	8016.82	2890.63	3274.62	9275.97	2863.07	6234.08	9280.40	1704.44	9824.15	6134.49	9593.47	3346.08	4929.58	8316.91	7628.72
5393.17	5027.82	2413.81	4457.77	7491.40	7448.33	3224.30	4033.65	7538.57	2320.66	8610.66	8875.67	1745.17	8161.62	5953.86	10296.72	2345.56	8569.75	7200.04	7707.82
5183.85	4501.01	2449.46	4249.29	6598.73	7856.76	2419.85	4357.00	8687.80	2690.85	8428.31	10362.89	2127.24	9629.34	5511.54	8739.60	2030.69	6667.34	7907.92	7999.62
5892.69	4067.25	2758.20	4816.36	7681.09	5711.65	2349.71	4285.21	9097.96	2348.73	6301.03	10470.64	3008.07	9091.58	5614.38	9096.83	2127.80	6664.96	6900.31	8300.97
5526.05	3922.71	2226.31	4288.05	7637.17	5301.14	2681.18	5053.17	8264.88	2076.56	7096.57	10153.70	2748.13	8157.32	5807.98	10524.35	1992.34	6149.59	6395.00	9592.46
5308.22	4031.84	2337.67	3697.72	6107.31	5967.68	2541.97	3894.24	8867.55	2065.71	7306.29	10257.74	2692.26	9039.23	5876.13	6777.35	2421.52	7850.01	5864.66	8437.64
4987.27	2412.79	2937.84	3701.34	8553.64	5291.15	2629.91	2070.67	8302.80	2215.66	6587.26	10565.71	2229.04	9440.22	5836.92	7062.12	2598.24	7502.83	6211.64	9298.92
5331.35	2764.52	2382.87	4224.89	6776.62	4299.31	3057.67	2233.07	8792.69	2992.52	6702.01	8982.78	2296.81	9192.90	6016.47	5346.14	2631.20	7554.86	7336.95	8462.62
5505.34	2633.49	2364.10	4219.01	7274.42	6396.26	2315.36	2782.70	5852.63	3867.12	7468.91	9698.43	2517.12	7812.53	5224.12	5989.88	2812.29	7348.69	6270.60	9206.62
5319.28	2349.69	2848.51	5329.72	6610.39	4677.46	2593.14	2163.00	7327.06	2407.27	6790.80	9227.94	2613.63	9289.77	6515.83	5737.44	2420.86	6086.22	7838.38	8269.49
6348.57	2932.81	2593.99	4929.57	5752.39	5303.33	2077.95	2060.84	6625.67	2176.60	6768.36	8340.54	1843.49	6571.10	5484.85	8192.82	2836.72	4233.96	6722.85	9160.23
6160.15	2236.99	2516.02	3349.22	6260.72	5315.19	2431.42	2148.32	6437.25	2723.30	6969.58	10477.08	2191.79	8246.42	5434.77	6856.93	2964.87	3903.71	5619.14	7773.85
3722.17	2623.41	2571.48	4194.21	4970.57	5302.17	2210.40	3017.57	6761.02	2704.95	7910.90	9798.26	2167.12	8540.18	6408.78	7910.83	1886.40	4558.31	7140.95	6955.96
4261.29	2681.58	1943.85	3261.93	4414.46	5334.88	2174.17	2604.99	7716.26	2266.67	6797.98	10365.62	3061.45	9279.18	6208.10	6766.49	2060.46	4131.88	6638.14	9268.53
5385.39	3136.06	2675.58	3081.88	5204.92	4576.73	2405.50	2361.03	7684.06	3321.81	7280.29	10565.59	2262.86	9636.19	4333.18	7728.57	2687.47	3702.91	8413.54	7322.18
5223.15	2282.60	3047.88	4412.32	4643.57	5865.50	2307.93	2865.04	7167.58	2872.60	7169.66	9194.42	2145.35	7381.02	4041.84	5112.94	1981.75	4194.41	7523.42	7435.69
4118.47	3249.73	2727.93	4305.96	5002.57	5538.25	2659.82	2796.20	7624.90	2902.36	5962.10	9739.85	2847.56	8032.91	4469.30	5160.92	2949.12	2944.26	6250.01	9634.36
4120.51	2575.77	1809.16	3424.09	5417.06	5545.60	2845.74	2090.03	6679.95	2524.67	5365.69	8750.60	2307.11	8387.79	4345.45	5366.36	2228.49	4080.48	7071.32	8111.27
5174.40	2416.57	2601.19	4911.47	5457.93	6222.31	1858.11	2857.52	6057.06	2553.48	5170.48	9330.45	2897.12	8097.01	1815.67	5512.19	2214.92	3630.53	5936.62	8457.20
2021.70	2210.76	2090.22	3457.91	6346.39	6240.13	2931.56	2607.97	5595.43	2916.82	5041.77	9893.10	2081.04	8798.58	2231.32	4152.95	2545.51	3177.73	5842.41	8623.47
2337.59	2752.17	2382.43	3352.46	4834.55	4758.33	1542.41	1628.29	6958.46	1898.58	5649.28	8109.89	3306.65	9023.48	2201.22	5442.30	3487.02	4318.22	6944.40	7286.90
3378.63	2521.05	2536.09	4361.89	5731.29	5041.86	2606.43	2000.52	6872.52	2151.48	5584.95	7995.01	2461.03	9055.53	2804.01	4833.42	2001.06	3347.28	7396.99	7658.33
2778.16	2025.32	1967.93	4122.52	5167.17	4266.88	2805.51	2615.67	7008.03	2536.76	5324.95	8648.59	2556.04	8206.32	2907.52	5003.06	2465.61	3036.31	6628.10	6707.50
2785.19	2014.88	3055.76	3910.99	6395.13	3162.54	2220.12	2711.52	7031.19	1868.52	5639.29	9413.13	2393.60	9385.15	2689.82	5259.12	2163.58	2760.82	7861.11	6193.38
2278.92	2261.06	2451.97	3962.81	7157.52	4133.49	2401.46	2383.05	7886.32	3206.55	7045.09	9439.20	2475.96	6122.54	2519.46	5182.12	2729.45	2172.44	5636.75	7641.87
1791.14	2209.24	2822.76	4124.10	5698.98	4022.63	2163.75	2080.96	6296.75	2231.13	6010.97	6882.49	2504.79	6841.50	2185.90	5398.27	2421.76	1899.83	7418.19	6814.91
2572.03	2968.96	2755.27	3922.60	6597.84	4053.71	2884.85	2610.84	6405.27	2314.68	4290.37	9680.60	915.30	8163.55	2995.29	6138.55	2457.05	2355.44	7184.72	6520.95
2546.89	3091.64	3060.59	3904.34	5152.32	3682.54	1135.60	1727.86	8404.91	2639.25	6348.20	8134.46	1308.01	7616.11	1586.95	6163.70	2681.81	2209.36	5884.46	7386.46
1972.10	2873.58	2995.39	2948.64	4451.20	3522.57	2082.27	2742.24	5986.66	3148.94	5588.38	8903.50	434.24	7597.62	2767.70	6575.04	2382.12	2600.38	7323.94	7440.94
2206.13	1089.47	1849.17	3255.85	4666.94	4457.11	1666.87	2441.75	5284.57	2481.43	3431.39	7412.46	694.56	7956.14	2793.12	5018.33	2496.99	3238.65	6768.43	7067.01
2469.01	892.94	2502.07	4338.79	4464.52	4553.34	2581.03	2494.50	4145.75	2169.47	4740.66	7775.21	904.26	6871.92	2666.05	5376.84	2706.24	2855.24	7887.19	5330.32
2093.65	1013.62	1565.61	3609.45	4873.93	3395.63	3058.82	2229.41	4924.13	2098.21	3951.37	7272.29	964.65	7095.07	2531.61	5255.91	2467.62	2656.81	4467.48	8477.04
2457.73	1221.18	2291.92	4302.32	5342.48	4314.70	3012.52	2859.01	5245.34	2600.05	4559.57	5673.71	1357.93	7865.11	2594.79	5165.73	2373.49	2669.84	5943.19	6867.41
2541.07	1532.74	2791.80	4685.10	6254.17	3921.76	2787.38	1516.40	3937.32	2250.50	3655.18	7600.51	1135.89	8236.88	2820.79	5853.06	2106.55	1851.48	5310.53	5838.58
2515.31	1228.22	1219.57	3803.17	5958.93	3800.42	2606.77	2138.18	4088.81	3521.44	4581.67	6599.56	997.70	6064.48	2248.12	5943.50	2663.96	2812.09	6507.56	7327.35
2282.24	929.90	1313.46	4156.91	5804.11	4394.88	2170.50	2753.12	3857.19	3041.59	3839.10	7205.78	797.11	6637.96	2847.83	5401.40	2539.14	2584.38	7196.04	7901.41
2755.38	1009.51	897.06	5151.46	5222.14	3986.91	3024.06	2208.44	4618.76	1136.96	4526.36	7110.16	1488.91	7037.04	2533.91	5569.35	2422.91	2191.88	5250.24	7795.78
2883.31	879.36	1071.49	4385.36	5026.61	3707.82	2768.10	3129.08	3324.76	2100.09	4449.80	6588.13	1215.61	7712.02	2573.51	6281.97	2211.99	2474.55	5316.20	7212.62
2638.00	804.40	1015.92	5021.37	4018.45	4045.84	2136.85	2688.72	2364.25	2651.94	3356.66	7976.27	1635.90	6111.29	1387.47	5392.51	2274.87	2418.89	5434.45	7276.13
2148.07	953.94	1308.42	4850.32	4076.34	2907.39	1949.64	2183.94	2193.95	3495.64	4199.49	8740.31	625.54	7743.17	1958.15	6198.61	2067.00	2762.42	5445.18	5563.98
2814.70	1048.90	1388.82	4417.76	4142.08	3685.71	2229.60	2980.41	2818.60	1631.42	4256.36	5913.61	1429.20	6527.10	2433.91	5500.51	3241.93	2296.09	6161.42	4858.98
2284.32	1458.98	902.12	3937.95	4206.03	3769.86	2965.31	2471.15	2561.63	2309.48	3962.38	4374.97	973.69	7602.80	2245.32	5804.06	2751.56	2987.77	5129.96	7860.90
2878.14	1013.01	1937.91	3533.09	3934.78	3237.87	3038.02	2758.45	2824.62	3018.37	3007.50	5579.94	785.33	7232.33	2919.79	6701.11	3345.42	2524.40	4996.08	7088.01
2039.01	1339.34	990.99	3383.53	2932.73	4110.71	3194.98	2249.91	2518.55	2201.71	4151.10	5351.97	1030.88	8152.11	1887.43	5160.95	1744.82	2300.01	5458.95	7077.49
2893.33	1441.87	900.28	4269.68	3381.57	4160.97	2166.48	2257.33	4099.02	2530.71	3817.88	6097.00	1028.61	4858.00	3046.75	5747.61	1800.27	3107.25	5491.28	5737.26
2491.37	1019.70	1141.96	4259.62	3542.17	3677.06	2345.22	2814.93	2795.26	2284.73	4658.24	5540.25	920.61	5914.64	2874.52	6329.30	2608.79	2438.16	6446.93	8174.98
1962.89	1401.95	1181.80	3903.17	4940.88	3915.85	3094.72	2556.62	2161.58	2788.85	3404.91	6905.42	636.47	5346.92	2621.35	5613.12	2403.83	2507.68	5137.00	6438.32
2364.99	1178.73	1128.90	4470.50	3763.07	4382.90	2594.65	2193.05	2482.93	2027.21	4540.02	5954.55	911.76	5073.39	2316.62	6383.83	2283.05	2056.66	5097.10	7525.19
2523.27	895.62	830.08	3664.77	4374.32	4596.77	2828.70	2141.34	2312.77	2509.88	4070.90	5892.40	678.20	6161.12	2025.39	7181.19	2221.97	3010.16	5878.50	5837.06
2617.33	1066.30	1360.95	4615.65	4811.96	3587.10	1931.84	2791.56	2811.43	1874.13	5405.19	5275.08	1021.40	4896.24	2004.27	6454.28	2373.00	2495.02	5838.57	5277.45
2077.54	1005.72	1006.46	4022.18	4184.86	4196.07	2341.12	3264.13	2903.25	2920.27	3436.17	4916.77	658.65	6020.92	2216.66	5502.83	1376.58	2744.12	4822.98	7070.71
2023.70	941.92	1377.62	3979.86	3782.19	4582.68	2493.21	2160.49	2650.91	2760.34	4525.08	5444.36	1053.77	4850.16	2520.07	5025.84	3533.07	2387.53	5253.62	7296.53
2585.84	950.30	1341.64	3999.85	3837.40	3990.24	2347.77	2806.07	2409.51	2484.33	3698.40	5633.10	895.92	4750.21	2812.77	5681.34	2341.20	2626.91	4586.58	6045.12
2299.24	1036.05	675.29	3945.33	3433.06	3578.51	2322.05	1282.44	2200.17	2515.91	3468.72	5814.25	1237.70	5987.52	2830.20	5193.37	2395.24	1961.69	5990.24	8751.14
2601.29	1108.55	748.92	5379.81	4169.98	3580.61	1797.90	1929.01	3177.97	2511.77	4591.57	5631.93	801.94	6949.55	2989.04	5054.68	2891.63	2312.76	4938.81	6505.88
2826.68	778.78	743.94	3106.37	4625.54	3826.50	3201.56	2805.84	2969.13	2341.14	4329.44	5316.45	659.54	5835.77	2965.96	6021.70	2411.92	1962.48	5038.59	6347.17
1790.83	997.65	1056.77	4098.27	4315.98	2059.27	2564.08	3193.94	1229.35	2567.53	4576.45	5532.47	646.46	4901.71	2226.30	5975.87	2630.71	2371.24	5211.75	6176.89
2609.42	619.41	1008.03	4689.89	4427.72	3368.86	1874.91	2545.92	2518.79	2657.80	3102.47	5196.64	1063.92	5744.63	2295.58	4489.30	2794.73	2822.35	4876.15	4469.28
3026.74	1065.20	1061.89	4397.88	4397.97	2257.59	2964.85	2751.41	2129.21	2470.41	3330.41	4851.07	1982.94	5321.60	2986.14	5217.13	2824.08	2287.90	5512.41	5745.94
2372.03	1155.90	791.82	3832.49	5111.28	2665.04	2531.16	2630.12	2329.02	2244.27	4321.80	4931.14	651.95	5080.30	2178.71	4888.47	2724.51	2471.93	6057.77	4863.80
2151.26	1040.99	1101.79	4964.94	3648.53	2580.85	2811.33	2948.66	3219.35	2325.13	3525.72	5823.23	840.24	5659.18	2964.03	5976.72	2969.46	2588.38	5665.03	5575.02
2823.55	1071.46	1346.28	3407.49	4087.35	2775.70	2420.79	2060.01	2004.09	2302.78	4728.14	5975.80	1381.74	5871.26	2548.28	5799.39	2979.57	3216.96	6878.33	5358.27
2609.01	1147.49	661.60	3275.62	4391.21	2335.64	2167.54	2790.79	2044.35	2695.35	4921.53	5357.95	1159.41	6052.25	1933.68	6164.39	2563.73	2852.41	4059.50	6100.56
2885.33	833.72	946.55	4315.01	4691.64	1942.36	2178.55	2336.37	3548.06	2566.45	3926.40	5410.42	1313.29	4838.08	2717.30	5538.67	2747.53	1808.28	3045.69	4955.10
2351.52	940.24	1057.75	3193.46	2653.81	3205.27	2653.13	2376.90	2288.71	3348.61	4016.36	5858.21	1071.64	6590.21	2622.88	5893.99	2291.85	3077.14	3959.11	5816.22
1862.65	1127.73	963.24	2681.36	3710.35	2466.66	2839.01	2519.01	2392.52	2425.49	4014.12	5410.57	1115.63	5316.85	2179.96	6008.67	2863.50	1783.78	3643.83	5953.94
2452.68	1250.47	946.47	4489.58	3884.38	2550.32	2716.83	2433.85	2986.52	2532.45	3837.54	7560.21	1006.81	4452.93	1497.37	5526.06	1962.36	1869.78	4504.30	6201.06
2308.24	1098.73	1438.07	2827.47	3429.16	2586.18	2784.22	2194.92	2276.19	2229.36	3979.01	5584.30	715.08	4951.44	2646.87	6126.75	1922.75	2591.76	3859.28	4914.73
2833.48	1638.21	1316.77	2814.97	4469.76	3042.67	3024.71	2412.75	2511.57	2543.53	3870.77	5159.40	1045.94	5588.52	2717.26	4392.86	2193.48	3168.17	4176.48	4361.28
2583.28	977.16	1208.35	2290.33	4121.44	2830.79	2631.46	2119.47	2602.41	2308.74	4237.34	4312.58	748.84	4942.55	2881.05	6211.27	2739.78	2159.70	3202.34	4385.25
1798.55	1249.92	805.70	2578.69	3780.16	3004.98	2940.49	3150.67	3103.13	2130.47	3815.06	5637.81	1148.81	5637.12	2708.46	4688.11	2274.83	1983.80	2176.75	4569.67
1985.94	1316.68	1556.40	2084.80	3093.84	1205.71	2985.81	2818.84	1802.72	2569.49	3710.95	6172.14	309.27	4906.39	2220.28	5317.45	2387.11	2358.11	2544.27	2638.79
2880.13	966.56	1086.48	3245.97	3265.93	1038.46	2636.18	2346.03	2139.52	3184.44	3833.62	5463.06	470.14	6177.12	1809.66	5706.25	3064.34	2566.04	2337.50	2877.78
2792.38	794.87	851.76	2840.23	3453.61	1063.82	2478.49	3197.43	2443.30	2127.79	3660.48	6313.89	951.05	5613.47	2471.72	5632.32	3232.45	3075.53	2490.92	2848.11
2224.62	704.35	911.91	2819.26	4252.21	814.56	2324.99	3068.19	2890.54	2219.84	3955.29	5111.12	1009.09	5325.09	2942.76	4652.40	3467.17	2528.61	3186.73	3645.55
2499.55	1040.57	873.92	1661.28	3323.89	515.71	1995.24	2729.25	2222.97	2482.94	4299.01	5433.70	1446.23	6141.95	2484.94	5563.03	3012.62	2329.68	1945.90	3226.00
2691.65	1277.57	1526.63	2847.23	2852.45	940.56	1843.57	2294.99	2698.44	2608.98	5140.20	5378.44	778.03	4872.96	2002.55	4115.73	2826.34	2318.26	1960.32	3696.38
2701.47	1067.92	1047.80	3142.58	3194.54	732.17	3078.76	2631.77	2278.84	3059.16	3096.82	5007.32	1139.39	5388.09	1806.61	5376.44	2767.23	2552.35	3051.66	3795.08
2876.89	1043.21	1012.33	3023.13	3671.74	1647.16	2509.02	2765.38	2330.11	2221.08	3235.85	4527.77	529.09	5878.19	1395.73	5221.23	2081.48	2698.96	2579.67	4533.57
2610.32	905.20	458.35	2839.42	4927.88	1390.11	2279.27	3112.83	3048.00	2439.44	3962.08	4875.21	1573.75	4199.91	2608.59	6491.25	2610.44	2070.20	2185.46	4455.83
2459.21	1140.26	1180.95	2499.59	5387.39	1293.05	3194.34	2445.86	2398.54	2156.55	4017.51	4252.91	326.43	4022.66	2720.28	5323.24	2498.85	2412.46	2652.13	3653.68
2388.67	466.04	732.13	2352.97	3733.06	862.70	2934.14	2281.79	3773.83	2121.42	3975.10	5997.77	1355.33	4477.78	1595.46	3607.42	2998.78	2810.43	2887.10	3847.14
2954.09	1058.09	714.26	2758.78	4523.39	1515.08	2542.60	3496.66	2654.53	2293.76	5038.20	5387.58	883.76	3698.77	2263.58	3622.70	2778.13	3439.82	2171.44	2945.35
1531.87	1007.03	1149.89	2664.64	4777.01	574.34	2950.10	3112.17	2984.25	2016.57	2987.57	5431.99	518.89	3978.49	3135.10	3543.72	2146.98	2695.71	2887.38	3593.51
2440.36	657.41	780.90	2601.67	4712.31	698.28	2436.41	2655.46	2819.16	2687.86	3914.01	5123.40	829.92	3500.35	1609.80	3999.72	2418.98	1542.19	2424.25	3819.68
2514.19	1543.90	1205.71	2367.00	3935.24	805.17	2673.60	2131.60	1830.74	2947.40	3294.33	6124.10	1191.20	3950.74	3167.33	4119.91	2777.61	2243.51	3096.18	3647.09
1886.93	653.15	1277.22	3223.14	3277.96	760.89	3303.09	2729.69	1837.53	2271.88	3832.25	4945.06	932.83	3338.42	3025.91	4887.63	1069.44	2665.18	1542.79	5036.52
2643.15	730.62	549.40	1997.69	3729.22	1033.52	2975.94	2997.82	2709.54	2191.02	4285.43	6604.74	756.73	3334.13	2897.28	3299.86	872.26	2344.98	3297.63	2516.82
2219.87	699.78	962.72	2490.27	1699.13	1048.85	2403.51	2843.48	2024.38	3061.73	3199.50	6211.48	1010.95	3977.83	2742.08	4319.46	1237.68	2993.75	2448.35	3596.93
2870.95	1277.59	603.30	2250.45	2602.64	1477.89	2820.24	2872.91	2264.43	2399.53	4567.72	5041.56	964.20	3414.75	2746.22	3235.39	554.85	2379.36	3000.44	2439.90
2445.98	777.98	981.27	2943.90	2834.41	1249.73	3030.87	2541.05	2355.26	3130.30	3530.83	5368.49	1194.24	4407.97	2803.50	3840.66	1161.99	2720.03	846.79	2818.22
2787.81	1167.16	1224.80	3115.27	1685.79	1305.61	2472.80	3006.15	2105.61	1245.85	2049.18	5912.55	1135.85	4524.08	3239.29	4613.41	805.92	2698.86	1122.16	2606.33
3024.24	1146.88	655.79	3035.10	2477.71	1105.01	2344.60	2266.03	3008.94	2419.20	1792.10	6320.61	845.94	4306.80	2053.77	4664.79	649.12	881.29	1275.18	1705.33
2664.70	1064.92	1447.29	2824.91	2625.75	963.59	3332.03	904.33	2835.08	2052.34	2199.03	4980.48	770.10	4403.19	1770.36	4467.47	931.25	865.03	1022.15	2020.52
2123.34	673.11	918.84	1896.72	3037.35	828.79	2399.23	889.38	2575.18	860.64	2180.84	5172.79	973.89	4270.32	1677.11	3692.99	1295.57	905.76	897.52	2660.91
1848.67	846.97	700.61	3395.17	3092.97	623.11	1960.32	853.41	2741.39	1195.54	2856.34	7142.62	923.78	3143.69	2627.74	4525.23	618.91	723.25	816.82	2499.57
3254.16	1418.28	965.17	2722.24	2844.64	782.96	2591.24	1494.64	2109.96	1264.18	1828.17	6103.01	1028.53	3369.07	2970.28	4831.12	966.08	1005.26	818.99	2934.30
2452.13	677.31	1194.19	2453.35	2204.62	905.18	3516.22	593.93	2876.10	950.28	2591.65	6087.87	705.33	4166.41	2220.64	3252.43	1007.50	823.87	1198.22	2699.42
2203.84	792.09	651.77	2509.25	2341.57	1191.10	2805.40	1070.99	2134.13	1227.73	2861.86	6767.96	993.50	3381.35	2713.28	3706.57	894.75	994.48	758.65	2358.06
2562.05	959.44	996.43	2353.97	3017.99	578.78	2949.05	768.75	3171.40	713.47	2391.63	4247.24	756.80	3604.84	2622.58	4056.46	902.98	728.79	1176.40	2297.51
2417.67	1202.25	652.55	2682.32	2239.39	658.82	1607.29	704.69	2212.73	1061.30	2830.52	3747.00	1103.17	3962.36	3032.22	4145.17	974.68	1392.95	1009.23	2761.38
2866.52	1062.91	1296.89	1077.54	2481.83	1055.27	2304.87	1036.88	2261.37	954.76	2201.91	3041.27	1029.16	4156.19	2846.95	4183.43	1054.43	1124.59	941.85	2147.11
2514.59	1185.51	1034.47	909.97	3171.33	738.15	3064.24	624.42	3000.96	568.17	2678.15	4477.89	900.18	3106.83	2712.12	3899.83	1366.75	1337.24	825.27	2332.66
2505.91	733.18	889.33	357.53	2555.00	1084.24	2374.10	989.13	2779.26	1218.91	2356.42	3371.52	567.16	3997.92	2244.39	3652.08	321.29	836.96	882.02	2949.79
2192.65	1236.19	1254.37	991.22	1908.80	897.46	3115.85	1579.00	2089.30	825.35	3428.57	4371.95	1244.01	4459.22	2367.01	4298.93	1066.22	903.10	491.92	2264.88
2701.97	1142.26	673.35	1119.21	2372.86	812.43	2756.19	983.65	2759.70	1101.62	2377.89	2904.90	749.01	4193.47	2913.15	3614.13	1223.82	1115.78	1154.40	2651.34
2055.32	601.36	897.08	1131.54	2774.98	667.11	2723.19	1124.29	2499.73	802.16	2371.28	3736.96	842.81	4818.26	2602.00	3921.05	566.83	1081.17	883.40	1328.89
2786.41	1384.98	1456.88	961.63	2418.14	976.88	3276.62	800.58	2507.90	1037.40	2673.70	3990.04	941.01	3725.03	3095.87	4270.15	1159.00	1072.57	1306.48	2104.53
3155.47	1573.10	964.23	1113.33	2999.50	818.19	2338.09	1130.08	2766.70	1147.06	2272.52	3306.00	1065.00	4694.35	2260.32	4261.00	1242.77	1196.24	802.99	2454.06
1844.21	807.86	1334.39	1257.08	3051.41	847.12	2354.09	641.27	2765.74	993.11	2415.69	3696.78	826.20	5187.14	2940.31	4493.62	901.46	1119.64	794.35	2685.05
1439.23	1013.91	1043.93	882.44	2220.07	841.02	2602.10	1057.42	2938.96	874.58	2645.56	3538.75	832.03	4384.66	2449.83	4520.11	1064.72	1280.38	983.57	2382.89
2765.33	1349.36	820.09	1366.57	2283.37	1046.92	2651.07	978.20	2708.40	1145.33	2876.45	4071.98	605.84	4540.83	2708.98	4400.98	854.41	865.24	898.14	2476.39
3595.89	629.69	933.44	511.21	2455.14	1037.31	1827.13	1546.64	2641.57	1047.11	2243.71	3301.82	1224.71	4550.31	1790.44	4850.62	692.70	1244.95	709.04	2082.99
2069.49	502.53	1014.23	684.74	1983.10	571.77	3086.36	986.76	2457.59	889.32	2526.11	3854.68	840.30	2778.94	2822.94	3295.24	865.91	123.50	486.67	2417.66
1962.06	675.76	892.50	773.71	2662.51	959.88	2656.06	917.67	3144.93	1005.46	2426.45	4762.00	846.39	3598.74	2140.44	4140.70	830.77	1076.42	784.41	2787.30
2753.33	858.23	788.82	388.88	2422.48	1099.68	2486.55	868.22	2166.02	974.28	2800.09	4776.80	442.90	4592.38	3037.01	2608.99	1233.53	933.37	839.10	2039.92
2138.39	855.39	799.40	750.06	2837.73	1259.87	2825.32	709.19	3323.71	909.71	2853.33	5048.28	816.49	3279.93	2897.10	2426.71	842.58	874.75	1171.17	1851.52
2282.35	1151.84	623.88	1312.09	2241.89	1195.82	2387.92	1196.89	3440.36	1220.42	2673.75	4230.24	1184.39	4153.53	2257.01	2521.08	1166.39	991.39	1182.86	2887.20
2350.27	1067.13	1022.28	1310.38	2121.60	1052.39	3077.90	1365.41	3434.61	1429.72	2614.54	3774.25	1229.17	4291.43	3161.86	2681.67	1222.73	971.34	740.79	3243.37
2728.82	688.48	1093.02	1024.34	3290.46	714.39	2586.63	913.19	2442.62	867.61	3270.83	4182.25	705.07	4690.43	3178.99	2380.54	1297.59	1090.64	1191.11	3064.33
2325.67	1141.84	1181.82	1430.25	2121.79	807.52	2869.02	1181.51	3407.57	965.89	2125.02	4393.91	979.76	3913.98	3279.03	3387.55	1012.38	744.48	739.50	2168.62
2619.52	1468.52	543.10	1059.87	2248.11	1228.64	2177.61	917.00	2996.50	760.65	3204.37	4155.22	1123.04	4470.34	3062.63	3372.43	1128.54	846.81	824.37	2339.01
2424.07	1299.26	1195.97	875.55	2184.95	824.46	2439.11	1104.64	2963.98	662.96	2731.69	4804.20	608.89	3977.43	2379.99	2328.01	805.85	1088.78	888.37	2273.06
2136.69	1247.78	990.22	1060.41	2368.98	1256.57	2718.30	1118.59	3919.69	1279.28	1840.84	3635.36	871.07	4865.57	3156.16	2969.73	748.87	867.40	773.39	2698.16
2362.44	1005.04	637.35	965.71	2105.99	1318.49	2151.30	648.74	2588.41	828.13	2555.96	3885.13	1143.22	3631.78	2003.23	2888.66	1398.52	890.80	1185.85	2805.09
2091.22	1245.91	1018.96	1183.98	2480.65	734.46	2273.70	812.39	2749.96	1080.80	1891.90	3157.24	1241.24	3689.35	2399.43	2632.34	1268.32	1125.14	1385.86	2141.95
2502.80	758.47	1198.15	624.24	2196.82	1110.15	2534.50	1236.60	1962.84	657.30	2447.29	3766.57	604.64	4207.19	2682.93	2454.38	748.80	1045.82	741.11	2729.27
2016.61	1187.75	1125.11	1249.85	2320.70	971.98	3035.10	530.17	1548.08	836.34	1627.61	4687.61	690.36	4914.52	1849.49	2751.49	787.07	857.71	1094.76	2627.46
2029.93	978.19	1175.83	885.12	2656.05	1506.93	2883.60	1005.45	2628.41	1114.27	2814.09	4029.09	1257.64	4127.61	3054.14	2601.07	1428.46	801.61	994.89	3101.34
3126.66	1282.73	1230.83	1213.83	2801.76	1209.51	2944.82	918.03	2689.19	1114.63	2160.93	4414.81	865.74	3967.88	2806.81	2308.20	1076.98	1128.72	1119.97	2396.92
2477.12	1116.50	1218.49	614.74	2700.85	872.39	2686.18	772.50	2808.12	1054.52	3210.90	4237.13	1056.84	3638.93	2483.64	2906.81	1295.74	1184.06	855.22	2609.89
2476.82	727.53	985.64	895.19	2183.41	1101.83	2943.27	1015.65	2635.48	1098.03	2189.14	4534.73	675.72	4567.23	1623.37	2607.10	1375.39	1149.52	1312.73	1700.86
2720.02	1032.00	473.94	1019.52	2670.83	770.58	3217.74	1079.73	1647.77	1050.27	2524.17	3536.77	1258.72	3601.29	2252.78	3007.20	966.61	1123.90	1164.95	2278.31
2318.98	1304.56	804.69	1225.36	2448.19	962.13	2627.16	1137.17	2665.91	1246.65	1916.84	4296.61	1064.22	3846.56	2883.31	1985.51	1231.85	925.69	1135.55	2741.40
2401.70	717.69	1083.65	695.62	2454.27	1051.25	2741.82	348.17	2987.63	1420.53	2445.54	4376.91	1320.59	3827.30	2817.07	2203.00	713.42	794.07	1517.75	1914.90
2682.86	860.22	877.28	1416.86	1759.18	1037.34	1177.52	1420.93	3181.09	1136.87	2519.75	4641.88	730.56	2967.37	2152.52	1214.66	994.58	978.19	826.30	2105.62
2621.47	807.83	1166.10	1120.67	2788.74	1076.94	530.99	883.94	2096.20	968.03	2718.87	4773.26	829.54	2119.25	1982.08	2354.54	1202.17	956.17	987.37	2444.57
2001.37	626.09	1194.20	868.56	2439.95	773.26	1006.29	1262.27	2120.40	739.10	3564.01	3724.41	660.76	2124.98	2548.56	2042.01	1348.52	839.64	1178.19	2315.90
2858.43	1240.32	1006.84	1304.33	3233.89	536.68	1135.42	972.29	828.52	874.40	3210.16	3206.22	656.04	2574.35	2038.77	2769.86	1007.05	1054.56	1259.29	2061.90
2246.04	1327.75	1464.80	1025.68	2775.32	909.27	1219.20	857.62	842.08	914.95	2838.95	3644.01	630.25	2504.45	1841.33	2950.67	1137.58	1708.55	1022.29	2222.37
2045.76	1200.01	751.12	1289.57	2019.77	776.91	950.24	986.33	596.41	1355.75	2362.30	4733.96	1003.06	1849.65	3155.47	2566.12	795.96	869.31	1169.31	2696.93
2112.69	1060.64	1227.76	1580.79	1909.80	824.95	1274.07	1792.76	830.31	608.99	2380.88	3449.24	726.24	2105.14	2537.13	2905.48	1233.38	908.12	1369.51	3077.17
2332.02	986.99	876.85	1192.13	2995.05	1534.33	870.03	1392.55	1397.49	796.67	2371.44	3236.76	946.81	2210.05	2691.20	2226.39	677.61	1168.88	956.70	2865.91
3199.93	1059.85	799.88	868.33	2123.70	1290.72	985.69	915.58	736.02	738.08	2137.34	3273.01	776.99	2503.41	2427.55	1998.82	915.83	814.37	939.47	2598.96
1994.38	817.11	1142.20	893.57	2794.41	956.39	1450.18	1058.64	533.03	1212.01	2794.05	3278.92	1037.99	2123.94	2943.43	3103.49	967.06	889.67	1020.65	3057.79
2568.85	1223.46	841.10	1145.64	2370.63	641.64	691.55	1281.90	931.35	821.55	2482.08	4399.65	1156.01	3334.74	2947.49	2941.61	771.43	885.66	385.86	1807.10
1580.49	1261.37	1209.82	1071.98	3404.89	675.45	1008.89	1146.74	873.72	536.37	2734.02	3574.42	1149.87	2602.88	2464.83	2830.60	852.21	977.43	1148.45	2963.51
2499.33	1233.14	703.43	791.74	2534.49	1090.30	991.17	1022.79	1170.20	481.39	2401.43	3653.68	1166.42	3006.80	2347.04	2378.22	924.52	1195.00	1139.80	2509.87
2886.92	867.26	1003.90	832.97	3151.96	1267.34	1004.95	954.77	814.12	1071.46	2669.20	4633.83	913.51	2628.19	2359.18	2953.38	1239.47	1123.60	1499.91	2431.32
2398.21	1019.60	784.27	1166.45	3073.84	927.87	893.66	732.96	954.55	585.92	3266.34	4518.99	1126.11	2591.18	2917.53	2780.00	1159.28	640.40	656.69	2194.54
2229.30	958.55	936.38	1586.67	2301.69	1033.77	1188.86	1189.00	789.56	1268.55	2662.23	4488.78	884.02	2802.44	2589.60	3632.44	1087.39	913.59	1081.17	2467.04
2599.58	1447.14	902.15	342.41	2359.76	1063.70	758.55	1276.64	756.07	1258.97	2910.74	3575.59	745.94	2338.70	2020.61	1393.48	1092.32	746.80	1109.07	2665.92
2801.15	1044.92	713.01	1180.98	3140.66	1266.55	695.32	1558.44	1092.10	709.47	2148.76	3055.37	639.25	1706.04	3101.78	2003.66	1099.07	1070.14	1178.23	2186.61
2785.45	529.48	1159.07	947.24	2503.04	529.88	1144.92	864.96	1030.06	907.65	2451.02	4195.21	938.94	2676.17	2542.74	2880.86	765.40	870.91	703.10	2064.01
3348.39	1099.63	683.94	1194.84	2129.81	1038.99	726.46	1163.76	985.86	997.42	2352.74	4973.42	1019.20	2165.32	2744.60	2835.91	919.16	1256.20	229.68	2657.20
2589.97	1470.57	750.23	1216.93	3022.01	1101.38	1117.45	993.13	1128.91	618.34	2733.02	3802.53	1362.51	3052.37	3142.31	2657.94	946.14	1468.04	1013.59	3136.09
2245.19	1171.29	1218.19	1013.21	3611.78	1237.52	1028.69	1314.99	792.45	682.69	2645.92	3849.26	833.95	2097.71	2749.33	2442.73	1189.08	917.72	1067.41	2969.34
2445.81	1219.87	1238.69	746.01	2489.89	1099.03	851.52	976.47	1004.05	832.37	2230.21	2198.79	1323.20	2553.10	2882.67	2240.84	1079.62	1038.78	1067.88	2956.12
2468.82	1009.02	1162.36	650.74	3110.08	724.83	936.21	839.26	1050.32	981.06	2672.32	4960.66	565.03	2500.08	2495.94	3215.70	1137.93	1181.19	831.45	2187.81
2546.77	507.15	1080.51	531.46	2439.85	854.86	997.15	578.87	1295.06	1058.51	2576.56	3889.53	933.84	2243.16	2788.57	3001.74	710.33	823.19	792.38	2264.84
2487.08	547.44	1565.07	1305.59	3094.06	618.95	1133.51	1179.62	525.16	520.28	1851.27	1751.11	1544.86	2323.09	2918.56	2664.94	1394.31	630.56	975.48	2305.34
2574.83	688.51	693.15	947.57	2409.04	1048.30	862.86	1041.13	910.74	1049.33	2513.35	2474.56	874.73	2411.97	2701.08	2696.48	842.49	1109.11	765.46	3296.24
1781.34	968.29	809.75	864.93	3086.52	1048.09	967.75	1281.80	1111.19	960.38	3038.56	2243.85	734.32	2564.88	2493.58	3240.77	755.80	1067.82	764.04	2278.85
2856.84	1077.50	747.18	930.57	2748.55	1127.96	661.79	863.42	854.08	922.73	2146.97	2770.09	704.81	2598.95	2458.49	2097.29	1008.73	528.10	1068.62	2984.83
2252.80	1172.35	1220.36	665.13	2436.84	757.53	950.47	1649.05	1021.53	873.62	3000.25	3426.15	1520.24	2509.40	2415.80	2031.94	1066.82	968.77	1139.37	2829.60
1995.41	914.89	1067.75	1076.15	2618.66	714.94	539.17	824.05	1170.47	1245.61	2831.88	2153.68	1274.98	2483.54	2638.11	2471.13	950.20	862.88	724.23	2110.72
2774.31	1239.23	1273.50	1329.68	2284.63	1381.40	1006.28	1129.22	1118.72	1379.10	2607.04	2566.92	824.05	1530.81	2325.39	2081.51	1364.14	829.94	542.33	2674.31
3066.60	930.06	1238.94	1284.62	2034.36	1045.55	903.33	1104.69	566.60	874.10	2725.93	2334.51	849.19	3083.54	2768.76	2891.06	861.31	994.30	744.47	3072.45
2712.06	823.88	939.59	608.55	2065.31	1436.50	1539.30	1276.84	696.45	945.81	2189.61	2214.24	341.09	2783.83	2334.42	2820.78	879.34	630.45	1172.61	2780.31
2569.32	1212.91	791.15	1340.88	2496.30	1109.86	1336.81	959.66	291.54	591.53	2840.28	2697.94	918.83	1945.59	2955.22	2828.02	667.99	643.06	921.09	2597.15
2099.04	771.39	747.89	808.94	2066.74	634.57	977.77	771.76	1162.07	887.58	1925.94	3165.59	1354.19	2128.28	2579.81	2422.05	1321.22	1292.55	1172.75	2960.09
3735.11	317.73	1548.92	521.76	2712.25	1201.35	1251.57	753.92	1051.36	1160.14	2055.11	2689.24	480.93	1570.42	2253.75	2269.12	907.57	1140.78	1155.08	1878.51
2878.61	735.01	1237.96	692.63	2752.59	1308.78	1084.99	1204.29	1335.75	963.11	2770.54	2316.49	1236.82	1218.21	2712.87	2696.14	898.35	965.08	1290.97	2267.15
2009.97	1023.54	1144.38	758.37	2727.42	887.32	726.87	1026.86	1011.48	1077.75	2065.00	2722.99	1123.58	2289.12	2066.62	1633.03	543.98	1012.39	913.06	2506.70
2164.67	229.96	911.42	998.26	2312.06	518.84	407.33	1086.55	711.90	961.48	3403.96	2601.79	1364.00	3208.14	3804.90	1863.70	784.90	1061.23	1030.64	2802.46
2537.41	910.72	946.65	742.01	2550.90	1166.31	1289.37	796.82	1267.17	1014.07	2686.11	2850.61	835.07	2556.25	2233.50	2083.70	863.11	994.81	1216.60	3026.39
1831.28	916.98	910.23	622.44	2516.15	964.91	1109.18	1035.30	667.70	1156.60	2931.42	862.10	1037.51	2586.22	2468.69	1923.75	1089.61	1564.01	892.13	2222.87
2572.53	643.39	915.30	933.88	3096.72	1069.40	522.91	1054.77	997.68	1181.96	2959.56	1034.45	1312.40	2524.73	3125.95	2517.26	1221.81	844.65	756.11	2513.43
2302.55	629.37	395.38	1480.98	2180.91	328.37	1170.06	1154.17	946.46	504.72	2374.13	1411.85	1096.37	2745.69	2290.26	2024.05	1271.02	1135.23	1275.68	3016.71
3027.44	884.38	980.95	824.41	2362.94	1114.28	1238.74	634.60	1193.09	938.24	2554.73	1004.76	1152.23	2475.73	2136.45	2792.95	809.14	705.59	1378.92	2990.25
2913.84	863.22	900.72	1116.06	2428.20	312.37	839.42	808.20	1226.61	265.90	2748.52	1244.27	895.84	2138.24	2111.03	2465.34	1047.79	1140.93	784.47	2223.30
1333.83	1314.98	1068.74	1019.99	2467.52	783.15	1207.18	1432.30	892.18	997.31	2547.57	997.40	929.79	2240.14	3006.36	1806.26	1372.97	1419.94	1133.20	2090.05
2517.94	1093.72	1048.71	1664.52	2206.80	1221.48	579.74	901.76	814.70	858.05	3223.38	1017.67	829.63	2789.98	2046.17	1460.13	1154.35	974.58	1113.38	2333.10
1804.30	604.79	1209.68	525.44	2258.88	543.88	954.50	979.02	985.96	846.76	2991.01	814.36	1005.80	2324.32	3243.03	3296.19	1204.00	799.61	1056.72	2644.85
2977.27	786.34	993.09	1273.85	2966.73	534.05	1017.74	900.40	853.47	1385.18	2641.25	1712.44	985.41	519.49	2788.14	2635.25	1319.76	591.04	904.51	1447.47
2572.31	1176.29	1195.61	679.65	2255.15	887.56	1204.14	625.82	1236.89	1085.37	3092.47	1299.51	913.17	1135.32	2471.80	2685.89	1139.06	1264.20	791.56	3098.43
2735.88	1473.99	356.14	851.90	2924.62	1411.67	1108.04	731.07	1093.28	1279.10	2578.74	1295.17	440.84	1055.06	3006.60	2291.34	1028.79	819.79	703.89	2397.71
2041.87	1096.62	721.08	975.83	3405.78	1403.91	1063.85	1092.68	1348.35	1153.52	2882.62	1289.43	621.76	1333.32	2523.41	2085.46	1634.16	1043.37	1244.25	2933.86
3286.44	1077.68	1427.86	1796.52	3080.33	847.93	1146.95	831.98	1653.33	1418.62	2618.08	745.02	959.79	1024.94	2404.58	3069.43	643.04	1162.47	999.89	3126.57
3368.87	1465.19	691.62	809.25	1752.48	1249.88	844.50	1506.78	781.42	936.48	2432.89	810.40	1270.55	1001.93	1986.84	1997.77	1067.74	758.58	1144.99	2308.61
2042.02	994.33	926.67	527.78	2863.31	1144.73	1377.21	625.45	847.65	934.73	2143.67	954.67	754.80	971.58	658.74	2321.08	1177.69	1007.01	546.66	1852.53
2660.35	922.72	1173.15	1324.34	2736.38	1065.25	922.52	514.41	1118.77	975.45	2237.72	579.68	844.46	800.44	1072.43	2497.77	1042.82	1322.90	1247.38	1756.15
2210.40	646.69	775.82	790.19	2764.79	1088.60	1205.84	902.01	1099.56	1610.58	2567.55	774.10	966.33	1067.21	511.57	2122.41	1017.54	785.62	1239.78	3201.17
2489.86	871.75	1177.09	939.26	1830.72	818.47	1006.34	697.61	911.86	889.84	2728.48	1207.47	1220.54	869.29	623.98	2264.15	919.37	921.10	1074.22	2201.30
1955.63	1544.68	639.44	993.99	2857.09	1200.01	945.64	1345.17	567.97	1005.67	1625.85	466.23	1395.71	740.11	629.47	2266.93	1289.25	998.90	1517.61	2468.29
3303.09	644.56	518.12	1024.25	2061.66	1264.99	1153.38	893.44	1637.10	1342.75	2364.80	774.90	1047.82	972.76	991.56	2284.31	571.21	595.25	1054.05	1893.00
2083.14	1002.80	664.14	957.47	3086.92	1674.98	1118.47	1129.09	1019.87	1230.09	2789.99	973.97	979.46	1022.39	663.26	3153.31	732.87	886.67	1041.01	2259.09
2372.65	647.92	583.03	1066.94	2990.95	1228.80	1342.54	645.36	705.21	875.53	2470.07	975.65	777.64	1089.32	957.94	2516.38	667.11	1213.60	764.52	2602.55
2715.70	1032.12	992.04	1096.84	3626.30	386.32	1275.23	1165.18	395.74	1435.60	2062.58	990.91	1075.99	1166.80	1626.24	2917.15	839.75	1490.27	839.50	2708.10
2221.47	1221.91	917.02	1213.48	2362.69	698.22	864.94	1158.40	1350.74	1119.87	2100.47	808.18	904.64	1546.52	1006.65	2120.29	875.46	763.65	1118.81	2474.95
2397.07	939.09	1078.57	893.19	1872.56	1082.53	1132.00	1308.34	1081.57	1361.57	3259.26	1226.58	1016.47	931.16	1433.41	2258.24	1100.27	1009.46	1080.91	2041.33
2257.57	1182.59	737.53	812.82	2979.27	1016.27	1032.31	1053.27	999.62	1151.30	1848.70	408.04	754.76	1335.57	1035.81	2224.53	1256.81	1082.89	1292.23	2387.47
2442.60	1180.21	1632.19	734.11	2903.93	533.90	807.92	1127.38	737.60	1194.41	2390.11	1103.20	1250.69	999.88	724.81	1819.93	804.55	923.64	852.22	2360.64
1996.53	1111.76	972.59	1148.18	2362.96	964.01	731.71	1039.87	972.56	814.37	2887.86	620.61	875.91	1030.09	856.75	2496.13	1020.14	845.57	1124.11	3005.82
2311.61	1429.06	985.02	988.43	3112.87	909.32	1070.31	1229.15	900.68	1354.57	1672.88	817.46	591.63	1201.72	832.00	1884.54	1528.56	942.99	769.58	2224.71
2411.01	1194.71	1110.42	1138.30	2823.75	986.43	872.90	894.81	370.50	824.76	2820.65	980.65	968.59	785.12	1101.46	1990.84	1205.89	886.68	954.90	1944.26
2356.46	923.76	935.60	1134.55	1973.00	968.18	659.95	1134.05	1671.39	1019.22	1861.66	1401.54	699.15	979.18	1161.55	2491.37	617.15	790.84	841.43	1091.95
2524.38	829.79	838.62	1421.47	2375.74	1228.93	982.78	855.53	1109.03	1271.81	2963.72	771.07	1112.34	1170.64	1035.46	2617.29	1197.57	936.94	441.67	760.76
2373.93	788.67	1017.95	1051.88	2334.96	1364.88	1061.60	1174.39	912.14	915.15	3675.78	636.85	1311.07	636.93	892.98	2152.05	1035.20	962.15	1194.66	1318.16
2823.97	1118.97	1226.19	1188.09	2479.59	1169.66	1031.12	928.43	755.12	1029.85	1990.94	1243.10	1115.29	763.20	796.77	2555.67	1026.39	437.85	769.18	1319.42
2360.99	919.07	1162.94	699.35	2609.33	721.18	705.07	835.21	846.03	1002.07	2499.85	978.25	939.87	885.92	888.31	3001.39	1101.79	1028.47	776.02	895.15
2441.22	1682.29	1232.02	729.92	2227.31	782.96	861.15	827.96	1608.33	1039.18	2686.85	1002.38	770.30	990.88	769.86	3110.75	1222.30	947.44	1034.24	890.29
2214.07	1460.61	855.55	922.07	2441.58	833.26	1348.00	1365.31	1097.58	1147.58	2283.51	1139.67	857.38	1190.73	793.33	2882.22	1087.06	1011.94	705.59	1154.63
2273.54	946.37	802.92	695.82	2780.15	984.76	813.40	608.01	662.14	625.47	2763.72	1250.34	1513.99	676.77	1602.47	2361.50	1262.89	504.81	759.01	581.19
1956.12	917.72	1497.79	1172.40	2494.67	892.20	923.98	626.80	1222.30	868.96	838.48	1039.22	1246.66	1345.85	1209.43	3038.15	1103.50	1481.42	352.73	1251.74
2723.14	1422.54	937.03	666.74	2410.01	911.40	1581.57	1156.73	1123.42	1516.36	875.17	470.99	726.80	1173.48	728.92	2373.20	1237.13	998.03	989.74	1322.73
2008.58	529.16	1116.42	1017.10	2395.15	768.28	1092.41	748.45	1130.66	511.58	812.33	947.78	745.26	1149.44	991.75	2364.73	1154.95	598.00	1154.49	1050.40
2179.20	887.11	1181.48	385.48	2483.02	1236.23	879.68	880.89	964.75	840.77	1003.43	1004.64	1076.95	505.65	1070.41	2907.20	799.05	1260.59	882.85	1015.45
2654.52	1237.69	1352.13	723.81	1702.08	1211.80	518.98	874.05	955.23	1199.62	1134.79	709.40	1008.58	1079.40	976.72	2655.49	643.70	1151.45	1269.42	831.72
2673.15	771.98	659.19	915.24	2595.07	1237.60	1081.85	1567.33	1051.86	539.74	1259.29	743.00	1012.64	802.45	818.59	2711.02	1482.92	862.41	1360.94	777.16
2327.90	880.79	876.98	935.24	2083.56	978.91	657.27	829.17	944.85	784.56	988.84	1159.06	1141.15	1180.88	1074.32	2141.95	799.53	1299.30	1164.63	1089.52
1631.48	912.21	888.68	552.09	2571.66	1112.72	997.89	816.91	642.15	799.11	748.01	1060.75	716.56	974.09	1018.67	2382.62	743.20	1132.91	915.40	1070.69
2680.87	1165.20	921.73	1027.17	1892.71	771.25	787.36	900.17	745.28	1391.82	894.78	772.68	786.32	889.38	1105.72	2634.82	1271.34	750.20	1174.47	847.17
2611.64	1034.38	393.94	1243.72	2922.69	746.08	585.44	1055.48	999.77	782.82	886.59	1140.41	1241.44	766.80	1262.71	2724.01	1290.73	833.13	1176.69	1247.44
1892.51	1100.52	973.10	1162.06	2627.92	863.10	1416.57	1122.84	594.20	1158.01	917.43	1033.18	1069.60	938.31	849.32	2738.22	968.23	1099.83	1029.10	902.09
2831.33	1148.82	273.71	835.35	1944.75	1145.30	976.66	629.99	963.51	842.53	1160.86	675.83	928.27	1164.82	1033.34	1740.22	1333.59	1401.88	1274.10	1239.15
2198.45	1007.48	1071.77	853.18	2628.06	961.90	1232.72	1109.63	917.23	1002.61	979.88	930.75	967.16	587.45	866.39	3459.61	880.58	888.50	1104.41	746.41
2015.61	1277.64	1131.71	703.42	2199.24	713.64	1187.47	1486.55	1182.25	716.78	1037.80	670.39	1153.20	808.61	771.46	2843.83	917.81	1343.32	693.83	1077.30
2541.18	817.76	1146.86	1157.45	3300.93	1022.49	819.97	551.50	1038.13	632.20	1026.89	783.05	1068.05	933.00	851.43	2150.38	672.61	1039.99	930.34	1152.08
2423.24	640.97	696.23	1360.41	2737.38	1104.96	1024.58	1142.42	922.20	882.88	991.23	1074.88	824.27	946.63	1036.47	3007.18	1521.99	819.75	1018.33	1244.69
2587.15	555.78	1236.26	868.51	2183.53	1040.08	912.96	1190.85	922.68	655.96	895.30	692.71	701.15	878.73	844.83	2449.32	1042.98	1325.53	686.59	920.96
1809.34	594.75	781.52	575.55	2623.22	832.74	1243.05	1037.20	1106.19	955.89	1195.49	687.20	1191.97	1044.69	747.92	2341.01	1194.08	776.37	633.70	1006.32
3279.47	862.37	690.79	1050.00	2512.59	1015.52	1109.49	949.61	1233.93	1029.57	990.43	1093.88	689.00	1015.53	804.36	3208.27	616.53	950.98	1012.19	1027.05
2240.79	1257.51	752.54	1176.94	3042.22	894.03	913.12	409.79	726.67	1102.19	984.30	746.89	1504.52	471.14	1021.69	2030.04	1137.78	475.74	1114.60	1274.52
1837.77	1043.54	785.74	319.47	1105.04	918.05	1416.21	1298.58	610.71	1381.78	731.72	931.03	705.34	1251.52	1337.74	752.84	568.42	916.22	737.09	774.41
2766.17	850.36	1040.88	1034.59	1144.40	977.08	1131.17	917.50	809.19	1354.58	835.46	936.34	839.10	640.61	1305.79	788.51	849.33	1199.07	1119.22	942.16
2347.39	732.54	1204.00	1541.10	736.46	1187.84	1116.84	947.05	414.63	723.95	861.17	958.98	1265.41	1288.27	597.43	860.56	1185.76	687.73	750.24	549.51
2639.73	867.78	472.49	1205.16	1214.40	1455.82	805.61	1305.47	799.06	812.51	1152.51	1094.89	1355.95	1189.93	911.46	1812.08	1376.64	619.49	684.72	1408.22
2353.93	899.08	862.68	1137.61	1539.97	1389.19	1103.06	413.49	1207.29	1422.30	571.54	891.05	1011.46	555.77	1132.00	893.42	1419.27	1382.80	1216.26	1044.75
2474.30	858.73	1223.49	1100.53	1175.85	1156.69	635.01	981.55	1244.65	986.17	1191.81	805.33	327.68	1023.24	886.18	755.04	1011.01	1158.16	1028.37	911.30
2605.71	641.86	1049.05	1265.47	1006.76	899.60	1116.61	1147.61	1384.82	903.37	1039.39	883.78	963.36	1337.47	951.36	1048.09	695.52	815.36	534.74	967.40
2178.85	881.05	1125.44	764.71	1057.68	922.49	767.23	1178.61	1014.04	1267.56	830.30	1291.23	470.55	1344.02	757.44	1192.39	1114.97	980.79	581.75	1190.01
2791.94	1254.28	623.83	788.67	778.50	933.25	1046.82	1150.93	1036.60	843.62	794.67	1233.09	868.23	1042.74	1028.44	1319.70	909.62	1474.36	1008.08	915.87
2297.89	456.35	1237.18	1101.89	1063.34	1287.76	931.56	1508.57	848.10	1233.18	1134.46	986.27	1206.43	803.83	956.41	792.35	1202.73	706.50	767.50	1063.82
2125.93	939.85	607.76	828.67	742.25	308.67	1057.95	1069.69	865.42	924.29	1060.78	1308.09	1192.73	1299.73	776.34	1495.20	1142.80	1241.11	773.36	635.11
2533.13	469.66	1047.52	1064.68	1027.94	1064.45	1090.13	1253.49	1069.89	1323.46	511.61	1177.68	1026.02	621.54	1119.01	1053.05	1458.75	1134.10	638.45	678.19
2691.42	1045.76	1340.31	521.86	919.92	501.88	986.19	1192.04	1227.04	963.43	834.28	731.10	1056.70	623.95	1245.73	792.62	1183.18	1089.07	920.18	1288.89
2401.47	813.13	1469.84	1189.49	809.28	999.03	986.43	628.84	1105.35	1204.72	777.61	1378.83	1150.85	1191.43	1110.14	814.83	988.95	979.16	1563.66	1007.78
2129.02	478.58	1127.88	1211.74	1162.17	1331.14	628.30	807.19	485.38	1264.51	988.70	1701.81	896.33	693.88	708.65	1128.21	1139.96	1193.04	578.21	590.58
2766.58	1025.18	1220.24	1010.92	644.66	772.26	525.52	1520.14	1121.90	1403.72	847.55	1091.00	901.48	1135.77	1057.41	1012.02	949.53	771.22	1401.20	1020.91
1742.85	1454.35	848.42	1041.11	1007.05	429.28	1315.40	931.50	997.64	800.65	1121.25	594.07	1296.69	729.75	1183.99	901.54	908.00	1022.45	765.02	1189.84
2056.61	1027.22	879.64	1405.16	685.88	1324.28	1143.50	982.95	847.39	903.87	876.10	1376.04	1116.49	839.77	1266.25	1046.34	878.04	1338.22	684.17	1385.61
2517.00	1290.45	1292.36	729.23	1474.82	1376.46	630.21	670.38	1032.19	645.53	937.50	1152.78	1298.16	1288.49	1288.26	1591.47	963.10	959.59	1199.38	798.91
1914.59	982.12	1000.40	771.71	1511.08	1124.64	1477.30	913.93	1223.14	569.05	1316.60	973.18	1096.78	979.08	1224.02	1369.63	868.16	1038.15	924.18	1038.90
2512.04	460.60	968.17	726.55	1228.96	1313.82	821.40	671.42	1031.94	875.50	946.37	490.46	1092.53	1158.73	947.10	885.76	1031.60	1222.06	915.37	790.91
2476.40	1122.62	647.36	893.82	1491.69	799.38	1127.74	847.51	813.45	1039.68	881.89	974.00	1203.26	951.07	1119.10	831.55	649.96	592.05	1266.47	569.40
2886.56	895.43	1037.65	747.21	1165.62	1293.15	1106.31	1138.17	1841.79	1313.08	1015.49	924.74	1174.95	884.33	1164.70	1258.28	903.19	480.05	1482.64	744.55
2106.53	634.48	1161.47	1009.26	1152.89	1425.16	1027.14	792.00	836.50	895.77	681.57	920.81	1424.53	825.41	1021.08	743.74	1165.88	1345.11	1080.82	979.80
2230.79	1196.21	801.46	837.32	910.87	1160.04	1152.12	846.11	1112.93	1477.50	606.72	894.38	1145.26	767.30	1073.76	548.41	825.52	1079.79	716.10	859.01
2643.31	1071.71	873.23	637.71	793.27	1070.27	656.52	1334.29	1313.61	1045.27	997.80	1240.99	878.76	1098.44	740.50	766.07	763.53	1123.67	711.81	928.56
1442.96	868.65	1395.11	612.46	1049.06	1320.82	990.96	1117.40	778.26	1219.99	857.41	894.49	898.28	1111.49	1067.75	674.47	1464.58	892.51	955.80	865.83
3833.38	1217.02	1044.57	1302.91	883.17	1282.99	936.49	1128.82	1134.30	935.66	647.13	1108.17	759.77	1415.43	884.18	633.50	887.46	1017.09	1234.37	1044.37
2199.50	781.98	927.85	982.78	907.51	812.79	1021.89	1248.44	781.35	685.18	1234.77	522.30	1053.75	1070.69	956.56	942.30	1453.75	1198.36	1087.22	1554.52
2186.09	1160.86	715.75	943.17	1199.22	1340.01	931.46	862.02	928.42	1395.57	1174.07	752.35	820.88	933.93	1413.84	801.50	998.74	979.93	1052.74	1134.65
2870.38	764.88	845.11	1006.64	984.98	1186.15	839.48	902.20	803.93	926.93	1058.39	998.28	669.49	1124.30	1048.70	914.61	1141.47	861.86	1262.41	1246.35
2482.87	1133.49	937.50	979.41	626.60	1039.67	817.21	485.17	1439.48	1277.48	868.80	776.69	1157.67	1360.18	1069.91	1088.92	1236.62	778.34	428.87	1488.22
1734.64	724.81	1342.28	1189.03	962.55	1325.93	1221.17	1183.18	648.13	906.95	951.89	1009.77	1365.50	639.12	838.68	866.49	857.08	625.01	1204.90	644.71
2769.65	1372.30	847.38	1140.56	825.71	1231.36	788.00	948.02	1125.42	1146.01	857.67	987.84	596.83	1416.52	627.73	634.88	820.15	393.92	1000.85	686.40
2867.91	1063.58	1448.58	852.57	942.80	1186.48	1090.62	998.73	1004.32	959.38	1215.84	1047.77	1237.98	796.14	695.64	765.84	1037.43	897.18	985.88	789.28
2306.47	1358.22	767.83	794.12	741.93	873.04	1087.47	727.31	495.17	912.49	641.59	917.73	1049.93	798.09	910.68	1211.07	1001.20	885.26	1088.46	668.31
2378.88	794.39	910.60	728.32	1316.36	1208.37	975.53	1154.77	1432.49	961.78	1068.44	1160.46	740.00	1642.92	936.83	727.71	1204.78	1610.87	910.11	1265.18
2709.03	880.97	1210.89	687.22	1492.00	722.87	1105.84	1156.45	851.61	1169.52	1004.84	659.34	823.76	1272.92	549.37	714.60	897.84	842.19	713.56	694.53
2109.12	1209.92	939.95	1350.54	738.32	968.39	1135.52	1045.21	929.10	696.81	717.55	900.47	948.23	863.51	827.61	1103.39	851.28	714.17	482.66	825.28
2688.56	314.07	792.43	770.87	1178.33	576.68	866.96	602.56	1049.78	755.29	1154.86	1383.03	1569.46	1214.53	992.99	764.05	1073.98	1464.93	1069.01	1234.28
2585.72	733.30	967.04	495.24	1165.63	573.90	1084.04	789.21	766.30	1244.56	915.25	896.23	1055.58	1339.79	791.40	763.30	830.39	814.97	679.72	782.07
2209.70	1258.29	1112.18	789.13	747.48	1110.76	1476.39	991.22	799.47	814.85	1467.41	1385.24	1391.78	1171.64	899.38	1060.98	786.01	912.97	961.92	1059.20
1901.23	1116.28	571.07	802.91	1041.33	979.50	732.27	790.57	985.61	1044.27	1293.60	1088.37	846.32	1274.57	1021.04	964.60	1087.49	1243.29	557.70	1201.69
2402.96	1244.69	937.87	1082.46	1368.78	1021.19	924.40	1096.37	773.10	661.03	986.28	941.12	1261.74	1090.19	1292.32	858.79	914.92	1250.02	975.38	829.20
2123.47	922.56	972.67	778.50	1227.64	1147.99	808.27	1251.36	1019.68	944.00	906.14	1023.45	1198.84	1129.88	1075.17	894.97	681.69	1253.15	1105.77	1293.85
2930.72	1141.00	899.06	1133.69	1420.58	1087.50	1496.25	811.03	1314.39	1272.58	829.69	1401.52	828.04	714.45	1366.41	1267.77	1228.76	1168.44	890.85	1161.63
2561.97	817.29	1183.84	1097.13	723.01	778.40	649.30	954.57	739.05	1018.76	819.94	922.20	852.01	742.76	652.75	1082.48	955.64	769.60	1088.59	1103.50
2836.39	657.01	857.86	1316.71	828.77	1018.36	1001.77	828.59	595.50	1049.61	1078.97	722.33	1118.99	1047.81	1310.21	824.98	453.12	842.77	802.10	960.46
2557.90	576.30	908.87	1541.75	1088.05	983.23	1232.28	1257.72	961.42	899.00	641.87	1126.57	601.73	664.03	948.97	893.63	820.43	888.83	864.89	754.39
2613.08	862.07	1009.41	1712.23	1103.59	870.01	782.95	1224.14	1095.95	1021.87	1242.90	1181.23	989.98	1167.97	1236.81	1397.66	1258.95	1161.70	1036.17	1482.96
2163.22	862.76	1182.21	1337.71	1020.87	968.86	966.00	1665.40	1163.65	551.23	1174.69	1215.60	672.72	979.18	1482.21	943.82	1010.60	942.70	990.30	855.15
2787.34	842.66	944.71	710.07	917.79	908.65	822.01	1001.78	718.37	587.92	966.62	619.25	997.55	1295.65	1227.75	1088.62	840.79	1276.76	1109.03	932.19
3267.63	112.80	1379.15	898.95	911.66	837.72	664.89	766.50	400.94	1098.81	1187.52	1101.01	1103.16	1223.49	1098.07	1078.09	1062.91	1073.28	1022.38	968.61
2366.80	500.35	773.07	1061.91	862.13	916.43	982.24	1102.41	1216.14	554.35	1574.47	1018.14	1169.71	897.45	1386.75	875.10	841.23	1094.49	1237.62	957.06
2245.04	866.84	1321.63	1517.03	1126.57	1058.75	1123.30	941.90	1174.15	1322.65	1074.28	938.98	1096.44	326.60	875.74	1044.68	919.48	459.61	1405.23	1140.89
2432.11	1071.75	785.54	1169.16	323.67	1515.81	900.40	1047.81	1375.59	1207.85	1429.86	882.49	950.19	638.32	1250.84	765.67	1102.07	1052.71	1155.98	803.86
2292.99	855.30	959.23	1300.84	1413.33	795.75	1040.78	1311.01	751.48	694.60	926.70	1118.06	862.91	1000.15	1090.51	936.89	768.69	755.31	1236.48	990.67
2198.28	780.78	1091.01	956.51	881.24	1130.48	1170.57	928.86	1136.42	449.42	848.52	983.72	784.07	1512.06	1089.55	1293.62	1458.39	1235.34	1088.51	1240.38
2559.44	422.88	1513.71	1147.57	655.35	634.67	1298.10	1180.82	1248.28	389.32	1250.43	988.98	845.42	1004.34	846.73	963.17	359.16	972.14	734.81	729.60
2374.87	1505.37	1223.96	1179.55	1148.85	1397.51	691.36	471.00	531.66	1072.17	521.14	1501.30	890.29	1146.27	1077.61	1388.22	619.34	1196.69	1212.51	989.98
3118.88	724.72	898.53	885.92	661.19	916.66	1152.81	1264.80	1260.44	971.06	1239.90	1014.78	867.66	994.62	1085.46	1056.03	1228.98	1180.54	1216.42	682.20
2500.09	1420.85	1324.78	1194.33	1108.81	1034.72	844.69	1033.94	1354.57	1331.61	999.80	710.21	1041.12	333.92	991.09	1134.38	1089.94	877.08	723.05	961.45
2639.32	1390.17	946.57	1267.70	911.60	1319.35	528.98	940.62	1140.60	1112.43	879.93	769.47	827.05	1151.20	1077.65	1036.66	1475.43	838.24	957.46	1056.49
2909.48	1068.48	802.14	960.41	1159.46	1246.92	805.50	875.51	1130.19	1384.23	1021.48	809.26	599.98	937.28	654.31	785.04	1170.27	1282.21	612.72	787.82
2370.64	856.85	1112.17	1254.54	1208.87	627.04	1159.98	1354.83	1181.15	1213.56	1027.84	595.96	1164.52	624.14	1226.78	1273.53	1290.00	1350.49	1080.37	1471.81
3117.96	1033.05	1023.62	1411.99	1334.95	1138.80	1076.56	874.20	928.96	757.70	1311.90	1271.67	807.88	1173.97	934.29	1359.79	1178.25	818.52	1373.42	641.82
2227.87	711.74	1238.42	1016.57	887.18	943.15	725.85	1317.95	632.62	947.77	1210.45	1465.26	579.46	987.67	1056.28	1082.83	962.27	616.01	1039.29	1290.66
2152.33	1065.18	862.57	1000.08	937.98	1154.78	1401.05	874.34	761.83	782.62	1050.23	841.62	765.30	1737.58	840.58	1008.65	562.24	1233.20	824.06	957.86
2342.46	1000.74	1095.38	922.60	1007.47	1038.10	1100.49	1012.79	949.62	914.84	944.86	1226.71	909.84	444.76	909.98	945.77	938.85	657.89	1272.28	1076.95
2450.66	1132.99	1158.64	845.17	656.64	1184.01	982.71	1090.26	780.94	864.52	763.86	811.36	940.10	799.24	837.47	1131.36	1118.11	1006.38	1132.20	750.71
1897.27	1237.61	1069.51	1039.04	1158.41	1072.99	864.51	1507.77	1252.16	935.25	1049.78	827.52	1047.57	1012.42	1304.77	1274.51	1073.15	499.14	1050.56	1149.10
2484.91	1433.21	992.75	897.04	1042.18	965.04	1104.12	1064.14	891.58	1332.92	356.21	560.65	1474.53	904.21	792.96	1233.16	780.73	1288.15	1207.35	1104.06
1782.79	902.92	825.60	922.00	674.67	1294.24	903.06	1061.18	965.94	854.94	1241.48	984.18	666.80	1162.80	811.93	1073.16	1247.64	1113.34	945.28	586.35
3098.78	1260.85	1225.94	806.63	1312.29	613.99	1283.09	985.46	549.33	694.10	999.73	1307.67	1396.81	1222.63	952.77	1013.33	905.67	918.78	1272.47	955.08
2465.16	802.08	1034.31	615.99	1351.04	891.73	1078.15	927.01	1093.83	834.91	584.53	1315.20	1037.36	1120.14	696.50	1042.22	763.52	710.43	473.98	939.16
2223.88	776.36	1124.08	765.69	680.18	761.10	1153.41	850.92	817.24	873.48	1141.22	1131.22	915.92	1016.69	744.47	968.36	1028.25	320.56	1132.71	1209.39
2109.31	845.49	912.31	1082.25	1152.38	964.03	923.55	1454.76	1373.46	847.27	777.77	931.93	434.64	826.56	1047.05	739.01	995.01	996.10	794.98	689.96
2334.65	754.51	1003.25	704.22	1321.92	892.51	631.25	1370.26	561.53	950.76	883.49	1300.72	923.11	1045.84	1066.89	1512.23	716.85	1186.01	1093.21	1182.41
2404.05	1245.07	740.69	838.01	1219.12	962.99	1131.50	831.05	1075.66	885.57	553.48	1434.84	1158.14	1223.92	1181.05	802.70	768.98	1074.79	802.50	1079.77
2050.74	1230.81	1021.38	1410.54	763.75	877.39	748.20	1043.25	892.36	1271.93	812.77	807.44	731.48	1030.61	1105.29	768.75	1051.84	690.51	591.53	1380.28
2104.38	1318.08	1191.30	1281.63	659.53	882.60	973.45	708.96	903.15	1221.98	1039.87	1066.23	612.84	475.53	781.65	1362.26	1449.69	1201.76	1126.84	663.93
2419.49	993.67	1023.25	826.65	979.83	588.99	996.46	1238.58	1421.61	803.23	978.88	986.60	667.59	1422.06	739.01	1130.04	391.07	1103.73	661.44	1240.75
2276.00	1068.60	1214.85	1150.84	884.53	990.58	805.23	1175.16	1234.91	1240.54	1072.24	838.51	1036.84	876.53	1249.12	1141.46	409.16	621.95	389.34	322.55
2903.97	855.39	1078.23	837.43	1006.43	1077.08	1221.66	1031.65	780.44	1344.84	817.16	705.25	1003.03	1220.86	456.69	873.42	832.16	591.72	937.86	669.96
2989.42	712.26	1340.96	1406.90	982.56	850.91	643.88	801.79	1344.35	996.10	1140.21	791.30	1392.94	876.20	1032.67	1002.09	899.53	774.43	1326.24	915.46
2506.89	1111.75	952.49	853.58	1140.00	835.77	1371.64	1195.12	830.57	784.22	629.08	1027.47	872.89	1271.24	1162.01	1199.78	1208.60	1324.79	1440.76	705.38
1118.40	1067.09	590.34	1020.43	867.86	838.86	852.75	1157.97	1194.02	1104.55	856.68	1063.72	1194.38	918.80	1283.22	1697.12	604.13	860.22	1380.87	1183.23
666.20	723.25	1108.12	1346.20	967.42	1419.76	1240.08	958.95	558.50	975.93	336.27	1034.89	687.68	1374.06	1330.47	1139.74	1076.96	1458.31	519.60	868.47
1159.35	1146.33	958.70	793.03	1749.77	1047.00	1322.11	1188.12	913.29	1080.33	921.48	1320.35	937.12	1328.00	1259.72	1040.00	1093.29	1333.34	981.37	1016.56
992.35	564.57	756.43	1326.13	975.14	1096.93	785.16	667.79	921.49	730.87	861.22	827.41	1267.33	839.84	1465.41	1172.58	1234.19	599.68	748.49	984.13
1121.17	955.25	1162.82	795.64	1191.57	924.90	816.70	854.11	911.68	1520.92	949.14	684.81	920.71	271.42	550.23	1017.48	855.10	956.51	1044.36	1170.03
1400.09	842.42	1066.08	1059.55	1079.39	875.01	1234.07	765.93	595.40	947.56	1140.08	704.72	1123.76	1087.77	922.77	809.94	810.05	1852.25	516.34	817.50
429.79	867.68	1111.33	926.10	1061.62	780.36	1046.47	1032.19	518.69	1129.69	1325.12	1098.86	673.98	753.95	1079.59	558.82	951.77	1019.75	1152.08	1251.98
1065.24	729.14	916.91	977.87	778.97	1385.53	1020.51	1420.63	990.07	848.52	702.67	865.10	757.35	1246.65	438.03	1129.17	880.60	1200.07	1042.99	947.23
725.22	1238.12	1049.26	1040.02	1138.57	574.89	544.52	1015.74	1146.53	1036.71	936.69	587.55	856.13	1095.57	807.60	640.83	885.63	1112.46	1315.85	1104.45
1148.05	1141.49	1063.58	981.41	993.78	1074.99	591.11	1287.84	1002.92	424.70	507.06	1231.29	708.99	907.84	1284.09	1302.09	888.10	953.07	1299.43	1149.65
671.67	1295.86	1443.66	745.67	1210.92	993.99	1133.69	995.62	908.94	672.95	1453.55	1350.08	876.12	763.96	832.33	869.53	1192.38	837.37	1019.33	1125.64
876.15	1032.62	829.01	1216.64	1519.23	936.09	1357.06	901.84	616.74	380.53	1321.60	1045.22	1359.24	788.53	1242.85	884.09	951.13	1092.41	590.48	800.72
1050.68	675.49	997.38	1180.13	1052.47	608.40	823.56	1256.56	926.97	1246.30	1113.03	1160.88	934.71	1368.29	1153.61	699.54	965.65	1130.86	1138.46	857.88
1153.38	905.25	1090.96	1322.46	1196.58	691.24	784.76	1138.83	854.92	652.27	1299.92	650.82	1056.19	1242.28	1288.98	728.90	1164.95	1172.71	827.80	849.41
1018.70	702.12	568.80	1346.24	750.26	1245.42	1052.05	1357.82	814.29	610.14	1211.87	646.50	1385.60	947.10	1201.06	831.13	948.28	1234.95	1005.43	1057.51
801.79	1111.70	599.26	664.01	1035.27	826.57	1115.47	1246.48	1039.10	1282.28	838.79	1040.64	999.98	1082.07	1130.88	1068.83	1073.36	745.11	1290.44	1047.83
861.62	1299.68	1541.45	1321.38	1393.85	1219.77	1139.91	799.71	1037.96	877.84	1177.75	1052.42	957.27	1231.23	1166.08	869.39	649.27	787.18	510.60	453.80
1221.13	1079.02	558.22	1324.43	990.93	1167.43	890.50	365.80	1095.25	959.34	1291.67	951.81	872.87	955.06	782.67	950.91	1038.29	1212.92	921.51	478.66
998.63	846.87	1143.73	866.94	846.60	1144.85	516.27	1036.92	930.45	1270.01	1200.07	927.74	1274.94	549.47	1411.90	853.87	1028.09	1060.74	744.21	1188.60
579.05	904.17	787.94	1259.35	1057.40	1190.37	1362.57	708.36	785.96	1124.53	977.52	842.86	1223.58	1416.82	942.14	1115.83	860.54	539.37	1048.93	709.73
1210.92	1047.61	809.21	1367.06	959.58	697.43	876.55	650.05	945.19	1080.40	902.82	1360.68	1510.00	920.65	800.34	1086.17	881.90	777.46	1105.81	1108.88
1104.06	634.91	504.37	865.29	945.56	881.49	1312.37	632.05	916.74	1166.25	1593.10	785.85	1514.70	848.13	1112.66	1105.30	811.28	1615.10	1075.08	796.97
1218.35	1033.65	774.82	655.31	912.50	1169.65	505.29	841.88	583.40	515.49	1067.69	966.69	623.19	1008.41	657.12	732.30	1308.13	929.04	1097.08	1093.24
915.84	1045.87	1196.09	910.12	1502.29	684.41	1092.27	952.11	907.10	1326.41	1136.53	1259.78	1189.80	762.47	1512.83	788.81	983.93	949.41	790.02	1063.41
1207.04	859.94	652.81	1698.18	787.85	1416.15	875.77	1003.34	578.36	1335.58	649.38	744.94	1528.28	730.44	1586.91	659.37	844.21	1108.03	843.16	731.17
734.73	891.49	1148.86	1059.07	902.34	860.09	730.34	1513.09	500.19	1465.82	1170.70	1036.06	1079.92	1057.66	1295.93	1162.18	857.57	1138.27	970.56	1289.08
1142.50	1038.46	1078.32	696.45	862.94	983.92	1241.20	698.79	787.96	479.49	1061.74	971.39	1042.20	824.48	774.32	326.82	779.84	668.90	1041.26	1292.28
877.40	790.43	1504.58	936.76	1315.53	743.72	1320.83	999.17	832.98	791.23	784.55	1154.44	713.65	1109.10	1116.82	1365.79	1069.20	841.64	963.82	1133.94
1168.59	789.88	881.37	751.49	935.76	1091.45	854.40	690.71	1168.20	863.40	1322.38	388.70	1288.34	1103.28	1074.68	909.53	1050.63	1406.15	757.09	541.61
1251.41	1189.99	1315.85	900.18	1331.53	816.55	1160.70	752.86	916.43	1431.11	999.33	925.86	749.27	1497.49	876.39	822.37	813.85	772.27	909.08	810.88
816.00	1050.84	1222.22	1023.79	1047.06	939.37	733.12	1018.28	1126.37	1146.22	1162.05	803.63	1046.44	935.97	935.18	1030.27	832.96	1031.73	1034.18	1118.09
987.19	1414.67	928.33	359.60	999.56	715.32	846.45	1106.18	1354.97	1448.74	1115.15	1272.84	919.17	1025.64	1119.26	917.83	1078.80	1378.04	705.03	1232.45
1009.74	748.01	584.26	1090.10	640.20	1297.94	939.10	680.12	1023.89	1118.26	825.20	986.07	1119.07	867.48	886.24	894.77	728.93	990.17	757.73	790.30
1297.42	549.76	1377.36	1353.67	1308.21	591.84	913.75	1287.42	1088.86	845.24	1072.35	859.28	894.88	1301.76	1001.82	1080.72	1372.78	997.31	1115.38	353.59
1177.64	1229.69	658.90	950.66	1140.58	1112.78	1158.57	768.84	820.81	680.82	1346.05	1221.54	897.76	1125.69	1021.69	1132.30	1043.36	789.17	1564.40	739.78
695.18	1233.54	881.65	904.33	1106.58	1059.27	700.42	1240.90	1199.25	863.17	723.58	1159.98	1262.55	1099.75	699.86	854.63	876.81	824.23	1032.45	1162.66
1114.40	809.45	1220.79	1273.40	975.96	1109.45	1240.39	988.23	1008.37	1355.97	740.80	1254.20	994.18	1477.06	931.56	1385.99	1071.76	1300.59	713.01	793.70
1186.27	626.79	1278.99	683.34	901.13	744.84	1239.96	1227.75	1010.09	793.06	772.07	1270.90	1232.10	1076.50	911.03	657.14	560.76	1162.27	1392.31	1357.66
1530.95	981.95	788.64	688.53	688.28	1258.44	945.97	1142.85	711.58	560.98	1185.10	1192.42	836.76	1072.13	1416.54	1199.67	1145.99	1082.47	1129.76	915.67
580.21	555.52	992.00	652.37	1241.73	1241.10	706.10	929.52	759.56	1076.75	884.39	856.94	1375.36	676.42	1051.15	1050.33	861.95	892.36	735.53	1402.66
865.91	907.76	935.36	960.66	1072.53	1039.90	409.89	1120.63	825.26	1349.55	1073.48	1074.59	1135.43	567.56	1120.66	729.87	1244.87	1428.66	1066.05	709.54
1333.34	447.27	1295.39	1098.51	915.51	1078.17	984.36	665.41	1019.63	1615.85	1285.45	1074.17	1311.03	876.09	1077.19	1201.32	1227.03	1460.76	1095.79	985.59
661.23	933.01	1626.16	977.36	847.71	960.66	822.30	675.96	1266.42	1319.55	718.48	1090.33	1198.58	1029.86	1017.26	1315.60	815.81	1056.40	1254.23	1186.52
700.13	462.16	542.53	1137.44	1034.31	1160.76	1025.42	911.94	614.74	1249.36	1368.19	1084.59	609.79	731.17	1040.32	593.59	1371.15	805.43	760.71	773.91
1129.27	932.79	1229.11	1207.69	982.58	794.70	738.18	1344.05	902.03	559.79	1007.05	1023.20	358.81	765.51	991.60	1135.49	936.24	742.25	1258.88	1859.95
1254.60	1371.13	285.46	1124.15	1416.03	1138.71	1000.66	814.14	915.98	912.23	955.97	895.37	1269.32	1194.29	499.82	963.21	940.43	1586.45	896.31	1304.29
832.83	924.83	1003.52	797.84	1198.80	1101.58	984.74	851.19	1562.96	912.05	1382.16	982.07	882.52	863.01	1028.71	1044.15	1270.93	1666.08	1065.43	891.41
1135.03	1183.81	722.80	932.98	856.32	647.49	1002.79	1417.04	943.25	1040.59	1114.03	754.66	901.37	858.64	865.65	569.79	1247.35	852.01	688.10	1119.61
1029.24	830.73	1497.95	1312.06	728.95	343.99	1070.82	1011.60	858.86	773.52	670.90	775.56	792.97	919.63	946.04	1141.10	855.63	1065.48	1304.13	912.48
1379.69	767.88	1041.59	738.33	946.39	970.69	1072.36	1000.94	1179.50	1204.69	984.91	1180.94	862.76	731.28	782.94	1281.03	1054.86	507.70	1049.85	946.14
999.62	616.23	815.81	936.64	777.49	959.61	1240.48	738.22	715.56	1319.80	806.83	920.14	1077.36	1220.91	793.39	1058.64	864.30	810.90	772.73	1326.94
1247.56	1250.58	875.17	895.68	1024.44	1304.51	805.94	1015.87	1128.34	1033.42	1066.12	1023.08	1223.73	1363.28	1020.88	817.83	781.93	1497.24	1102.81	1045.64
774.22	975.76	856.18	954.98	1106.51	1014.40	1178.51	1149.03	573.98	933.02	882.12	865.40	928.29	1265.69	904.96	902.40	843.12	1212.60	1173.95	1420.84
953.78	1395.58	1047.08	731.08	1164.66	875.55	1039.87	986.69	1498.84	1053.12	914.87	591.90	453.72	1390.47	1031.97	1068.43	1105.18	1225.48	1233.16	982.98
975.82	695.05	960.46	662.67	1109.77	660.05	896.66	1191.76	981.42	1100.56	1239.35	899.77	1150.01	512.15	1076.10	938.27	564.43	931.09	1205.76	1219.33
1284.78	933.73	1163.97	1638.99	958.28	977.93	753.54	1082.84	885.72	1203.87	576.28	1403.78	1075.16	1232.49	1016.57	647.57	1066.47	753.47	521.46	1152.79
1144.90	1009.05	1385.07	1236.48	1156.17	854.04	1361.39	1263.18	663.99	789.45	1069.89	974.03	846.32	972.91	1046.45	692.89	810.77	933.96	719.71	1293.99
812.06	1342.04	1175.35	821.85	783.94	724.32	1059.57	1207.27	954.82	1366.94	941.19	829.51	675.76	1351.22	871.95	615.32	938.62	1297.09	972.32	916.94
1170.49	1444.23	693.50	985.26	986.79	969.90	872.53	967.26	1013.42	1013.39	1080.45	1173.21	664.80	844.85	964.51	996.92	1309.99	1111.99	1036.28	1111.68
1192.66	826.35	594.05	1169.18	1209.65	1264.25	1018.45	1217.99	809.95	960.88	406.77	878.88	1313.65	1210.77	1174.63	1447.32	1114.79	1177.94	678.84	1101.55
972.09	704.93	811.15	914.08	1078.68	1023.19	1001.69	1451.85	1290.85	1177.32	761.01	846.64	845.80	1453.66	975.18	1319.49	915.14	1178.46	1259.49	634.11
935.58	554.04	1263.30	1154.13	689.02	737.73	871.14	1076.54	910.56	829.06	897.69	608.98	1301.64	1162.58	1164.16	929.83	1444.81	827.02	1106.28	1204.62
951.55	1322.18	916.24	846.18	718.17	1081.82	659.33	695.43	1016.25	1223.53	1412.74	570.76	937.57	1043.16	1034.47	936.94	616.45	1043.97	538.86	1076.29
576.25	966.00	833.11	910.37	603.33	725.48	1038.48	1048.32	1064.06	1541.34	685.60	1103.80	1219.75	970.82	1270.14	1221.92	1016.61	783.39	680.47	800.16
1047.19	825.63	1034.57	978.81	1458.26	605.58	960.34	950.70	1333.21	1112.89	718.57	1034.24	767.99	1143.94	778.84	1158.51	1238.88	744.92	1285.47	1173.46
1058.64	974.64	646.12	885.63	619.95	1123.56	930.92	1648.28	897.58	1055.06	951.72	1009.27	683.20	965.51	1087.94	1304.08	678.91	1135.34	528.99	1233.24
783.62	347.77	715.17	386.79	972.99	862.41	1244.28	1189.00	1010.83	883.82	1079.02	1172.80	949.33	721.79	1227.28	1098.83	1121.72	679.43	1511.92	893.34
1185.61	555.84	1127.58	1005.29	1466.81	1278.39	676.15	723.43	1066.91	1377.38	846.34	884.95	564.63	1169.89	829.71	890.94	943.23	1390.21	1400.46	1121.02
656.76	1220.95	924.21	1065.41	1277.08	1077.76	764.80	952.85	1146.99	1286.76	1021.08	1004.47	663.66	1431.05	1056.17	1137.35	1407.51	1067.35	671.81	1348.48
862.05	1086.01	886.69	1119.05	1337.20	798.39	1040.53	1365.16	534.85	623.62	590.67	782.72	1116.75	1114.67	1103.94	1428.52	1219.79	671.39	1087.86	1088.29
881.20	1024.52	1079.41	751.50	883.26	1054.83	1206.92	709.10	1281.56	1246.43	1421.95	784.31	1391.46	1286.00	988.74	1058.90	1141.40	865.63	1246.83	1015.61
1496.88	736.58	853.78	1086.06	1192.86	1323.88	1152.03	876.34	963.59	834.48	914.92	812.40	1044.76	1322.23	1247.26	1506.68	634.25	736.62	633.96	955.13
600.20	1133.84	828.43	1053.93	1769.55	952.82	1180.72	999.38	813.68	706.53	1031.57	1241.44	585.66	1027.71	1104.03	773.73	937.21	1250.58	503.88	763.19
